111.6
112.3
124.2
108.3
121.6
116.6
120.2
56.4
114.2
125.5
115.3
97.3
113.5
109.8
116.7
107.6
119.8
113.7
122.3
51
117.8
124.4
116.2
98.2
108.3
113.4
123
112.9
113.7
121.1
122.5
47.8
114.8
118.1
116.3
96.9
98.5
108.8
122.7
108.6
112.9
116.5
114.5
49.6
115.3
112.4
114.8
102.5
99.5
109.6
125
107.9
122
124
119.9
58
124.4
120.4
123.2
109.6
114.5
118
134.5
108.8
129.4
129.1
124.4
66.1
125.5
131.2
127.9
106.2
119.9
125
128
114.3
127.1
120.6
130.7
59.4
121.1
131.4
120.8
104.5
112.2
120.1
122.6
125
127.4
128.7
137.5
61.2
132.2
140.4
128.2
114.4
116.2
124.8
136
126.1
127
134.6
139.1
62
134
135
131.4
111
111.6
121.8
137.9
123.1
125.6
133
134.5
68.2
133.4
133.4
135.3
120.4
116.3
131.6
143.4
117.7
139.3
139
134.5
73.7
135.1
139.3
138.5
116.3
127.4
130.4
144
119.8
139
135.2
137.8
70
128.2
139.7
130.4
110.9
121.5
126.6
134.1
120.5
137.8
128.4
141.9
65.5
132.2
139.2
130.4
114.7
120.4
125.1
133.4
122.6
128
125.7
142.2
63
132.9
139.4
129.6
114.9
115.6
127.3
140
126.4
131.5
130.6
137.8
67.2
134.1
132.1
130.4
118
111.4
123.1
132.9
124.3
132.6
128.2
132.9
68.5
134.2
131.2
132.6
112.2
116.1
126.5
143.9
115.2
139.5
135.2
136
72.6
135.6
140.8
136.3
112.4
125.4
130.6
144.5
121.6
142.5
136.9
143.5
76.8
134.9
147
136
108.6
128.6
136.8
134.6
136.2
135.3
132.2
144.3
66.3
133.7
135.9
119.1
95.8
97.1
102.3
107.8
99.3
102.7
104.8
117.6
55.9
112.4
114.9
111.4
92.5
94.4
105.6
119.2
108.7
113.8
116.2
123.7
66.2
119.1
116.1
116.8
103.1
98.9
111.4
122.9
110.4
121.4
116.2
120
70.9
117
111.8
112.9
94.6
97
107.6
114.4
97.2
114.5
108.1
116.9
67.5
105
112.4
104.5
85.2
96.9
98.9
103.3
96.9
109.6
102.5
116.1
62.4
105
111.8
102
86.9
94.9
99.3
104.7
96.9
104.2
102.7
114.8
60.2
105.8
108.8
100
87.1
90.4
98.9
108.6
100.7
103.5
105.6
117.4
63.5
107.5
107.8
106.2
90
90.9
104.1
108.8
100.9
109.6
104.5
110.2
68.3
109.5
107.1
109.2
93.3
97
102.7
117.9
94.5
113.6
111.1
115.1
73
109.4
114
113.3
92.5
104.5
105.6
116.4
100.8
115.9
112.4
117.2
72.2
107.6
118.7
110.3
90.1
104.6
106.8
113.2
101.1
115.6
107.9
120.2
69
108.9
116
106.6
89.1
101.2
105.1
82.4
59
86.4
95.8
110.3
68.8

